 0.9821046950 -1.0124838930 -0.0180698594
 0.9701286225 -1.2614386717 -0.0190941065
 0.9800193180 -1.5332940108 -0.0170806593
 0.9831809846 -1.5431717887 -0.0172740375
 0.9819351570 -1.5977699047 -0.0159303932
 0.9798430301 -1.6715892597 -0.0151853322
 0.9832039562 -1.6196782717 -0.0165435130
 0.9842513673 -1.5335844124 -0.0170804872
 0.9839230381 -1.6103583692 -0.0167572129
 0.9810533125 -1.5434203587 -0.0171292910
 0.9708309592 -1.2586074195 -0.0196420681
 0.9810407268 -1.0588893258 -0.0175669667
